dirty_37_jpg.rf.b7a2e7a4dc62cbbf539ff4b9d7fdf6aa.jpg 163,373,587,521,1
dirty_22_jpg.rf.1ef1a703df5680d0e015f4cd937d753a.jpg 0,92,640,640,1
dirty_58_jpg.rf.67b41b5a369ce06a849f7e989a916d96.jpg 37,85,640,640,1
dirty_52_jpg.rf.89dfe53534d54386da3748048f326e81.jpg 0,363,640,640,1
clean_53_jpg.rf.ae39864f245f3c7c664674ff056829f7.jpg 134,255,640,639,0
dirty_70_jpg.rf.6d800cf0f52ffe30e77d6269d2655f86.jpg 0,248,562,583,1
dirty_90_jpg.rf.09826c14e6c97d98af4dd7f50ab796e3.jpg 0,293,432,581,1
dirty_3_jpg.rf.35243cf6c868ed8b76ac501e798b3ea4.jpg 0,129,640,640,1
clean_18_jpg.rf.891522d5fc501f0d3bdd8666eb362ddb.jpg 0,240,640,640,0
clean_19_jpg.rf.bff172102461242baecd63c919c4eedb.jpg 0,261,490,638,0
dirty_26_jpg.rf.2adcff94946400e20433f01b48b8d740.jpg 0,235,636,640,1
clean_80_jpg.rf.0fe11a722c25091032ea717f3f326dba.jpg 0,292,640,640,0
dirty_78_jpg.rf.29bab2bb087e3d94b594861dc62aad18.jpg 0,220,546,639,1
clean_35_jpg.rf.9896955317c389f977350ce7348a7430.jpg 73,374,640,640,0
clean_99_jpg.rf.5bc8c9a4c4f9e285c4450c14af1780a0.jpg 0,109,640,640,0
clean_83_jpg.rf.faff23395d7843b78e10a40d17a5bf78.jpg 132,284,640,640,0
dirty_89_jpg.rf.4a0125032d98e2edc042226bd4d4e977.jpg 2,65,640,581,1
clean_94_jpg.rf.7a6d1f8b90ef00506329d24b5521ace5.jpg 0,168,640,640,0
clean_68_jpg.rf.1845393eb0c09b8bbe571cca5a24143a.jpg 0,295,640,640,0
dirty_105_jpg.rf.2331f8c0a773d07c3086cd56d02b1cf3.jpg 107,0,640,640,1
dirty_79_jpg.rf.f0aa8752bcbd37db949f016fe7fcd5a6.jpg 1,10,640,640,1
dirty_54_jpg.rf.11771b5a0e8e17cd19d88dc4caedf946.jpg 2,131,639,640,1
clean_16_jpg.rf.d30d78fc941af3374556416b99d4ec75.jpg 0,277,640,640,0
clean_89_jpg.rf.db985357f7c79ec642f3c5c478922097.jpg 0,307,640,640,0
dirty_44_jpg.rf.64d68a6a74df95a864c7ee7be45f7190.jpg 0,136,531,640,1
dirty_41_jpg.rf.b5466fa918184e4c318a53cc726ef7c6.jpg 62,143,581,640,1
clean_100_jpg.rf.85e5784fbadd1fa699aa5b8e174f4824.jpg 0,361,640,640,0
dirty_104_jpg.rf.9919fee18bf546e81f32c78b8dded154.jpg 87,182,640,640,1
clean_90_jpg.rf.c9d57dc84a3217b6ff43684752bea760.jpg 0,308,640,640,0
dirty_69_jpg.rf.bce8f6176b2fa3e4376805edcac5975a.jpg 234,346,640,589,1
clean_15_jpg.rf.e4a7a214fcf6f7271df634c6f35b4fcc.jpg 102,364,639,640,0
dirty_28_jpg.rf.0adbc3b74b378ba70c879396f965be0e.jpg 0,217,640,640,1
dirty_49_jpg.rf.a0eed706ceea37bf2476724d9d14f350.jpg 0,111,640,640,1
dirty_77_jpg.rf.e9eaaa8ea918a21a9fd6d39737535e7c.jpg 0,296,474,607,1
dirty_109_jpg.rf.93579d008dafb63b983fec766f1579ca.jpg 0,63,640,640,1
clean_81_jpg.rf.25cff1f4e9b46fb20bb011cc49c187a3.jpg 0,251,640,640,0
clean_88_jpg.rf.4deddf48213602d2ee1110f1b12f7ea0.jpg 0,332,640,640,0
clean_69_jpg.rf.923e8b0df4dc28fbb7433b0aedc82bd7.jpg 73,175,640,640,0
clean_109_jpg.rf.84c41ce1b587dea6c74694599e92b3f5.jpg 0,328,640,640,0
clean_97_jpg.rf.169540e6dfd8e23cdc68987e09f48b82.jpg 0,244,640,640,0
dirty_119_jpg.rf.decae3327d22e3bbea29f4e772808808.jpg 0,110,640,640,1
dirty_20_jpg.rf.a4a9b676bb957919ca834960000ef762.jpg 61,104,640,640,1
dirty_23_jpg.rf.dd9073c7d8ceab79dd53175306b8e19f.jpg 0,58,640,636,1
clean_2_jpg.rf.0a92237b996796d749b0b647f7c7e493.jpg 0,291,640,640,0
clean_84_jpg.rf.f0defa7ebb4a132a09a6ee0e53dafdde.jpg 0,334,640,640,0
clean_48_jpg.rf.b45911deccb383144e2e62f0991098b9.jpg 0,162,640,640,0
dirty_11_jpg.rf.5c6d1f29cc5e3c4a1d2de2e0478c5243.jpg 0,27,637,493,1
clean_63_jpg.rf.73b71871735036fb76ce18549e78f935.jpg 0,307,640,640,0
clean_22_jpg.rf.f24f75a4ee0d9722585dba2172a46d42.jpg 0,170,640,640,0
dirty_97_jpg.rf.5940d02bc090dfb21a46bcc90e138110.jpg 3,96,640,640,1
clean_43_jpg.rf.5f123351e28bc5f17236708a546120b5.jpg 0,307,640,640,0
dirty_39_jpg.rf.3bd3c1ddeec57b7622d458bfff6dc75c.jpg 27,17,553,640,1
dirty_121_jpg.rf.0c4b5b67721b199b6d084b856e5e44bb.jpg 123,63,621,640,1
dirty_74_jpg.rf.eedc78104a7929248fae18782587359f.jpg 62,103,627,483,1
dirty_114_jpg.rf.66811f85e23b03b0064c6cdcf1e8822e.jpg 1,203,640,635,1
dirty_91_jpg.rf.034af9f5f06fb2ec1b63833e4026edd6.jpg 3,229,640,639,1
clean_55_jpg.rf.8a101786c3e29e667dfda11d73fa1736.jpg 0,264,427,543,0
clean_40_jpg.rf.916f97c2cc28159f95892e44c3b2861c.jpg 0,310,640,640,0
clean_73_jpg.rf.e5bd6bf57dd22bf498c8b107fd0c5f22.jpg 0,302,640,640,0
clean_76_jpg.rf.fae6477a9ea323714f5f90c5fa4164d4.jpg 4,223,640,640,0
dirty_21_jpg.rf.6670ef24a2a6002f5c7c9ade99b272dc.jpg 138,137,637,613,1
dirty_116_jpg.rf.bd775a7760dd4197cb7fe74d5872e6ec.jpg 269,480,640,640,1
clean_7_jpg.rf.76f9df54d47409e0f01128b6ce8a6ee1.jpg 10,235,640,640,0
dirty_10_jpg.rf.1286d4fb4774f13b2222fb447b3f63ea.jpg 6,230,495,640,1
clean_78_jpg.rf.a34339c1e79c66c5575312479a373f80.jpg 185,258,640,640,0
dirty_13_jpg.rf.47d07acfb2231c554c15ea8e3504ef19.jpg 258,246,640,640,1
dirty_106_jpg.rf.4c2fe53197d856519a5f448129ad99d7.jpg 163,134,640,640,1
dirty_8_jpg.rf.59fe6feffb88f0bd8febd9487e1770b1.jpg 3,375,640,640,0
clean_101_jpg.rf.4e0b474eb2ca8e76893957c54acf6d21.jpg 0,255,640,640,0
dirty_27_jpg.rf.c80a92a0aa31c92b64f83abb777cf485.jpg 0,0,640,640,1
clean_34_jpg.rf.a36b7e53952d0ebe6738cfa8cb82ce72.jpg 0,234,640,640,0
dirty_9_jpg.rf.d944d4dc452ced7c60a2bfe599a95339.jpg 170,315,479,492,1
clean_24_jpg.rf.12c7871079def3c9e2fe7dba668cb003.jpg 0,218,640,640,0
clean_13_jpg.rf.2e73ce04609f40f82162246cd537a68a.jpg 0,330,640,640,0
dirty_93_jpg.rf.e4e283ff2da420dc8ce681a4460a1e43.jpg 0,114,640,637,1
clean_30_jpg.rf.0f6dba4d8748981576db46186d80176b.jpg 0,365,640,640,0
dirty_60_jpg.rf.853dc45e33dba693e1bdf709e672cfe0.jpg 0,0,640,640,1
clean_64_jpg.rf.c5c311ebbf1fecd46e50440e99493c97.jpg 0,192,640,640,0
dirty_59_jpg.rf.a1505ea6019df339e91753754b3f3e04.jpg 0,188,592,636,1
dirty_46_jpg.rf.5657c2babb188d2a3a20bb5bd28310b6.jpg 1,363,640,585,1
dirty_65_jpg.rf.77e642264ac44b986b0d30b0b5e878a2.jpg 1,228,640,639,1
clean_37_jpg.rf.a461caa0e6fe7a42d9b4d58777e143ef.jpg 4,246,639,640,0
dirty_120_jpg.rf.b0bedc5d651c31c7233372c6fb1cab61.jpg 3,246,501,640,1
dirty_1_jpg.rf.8f3f87f19c5ac4ad928e709022b9bec3.jpg 0,268,514,640,1
clean_17_jpg.rf.fc4d5b15b25a40cc0e9424748d2a2595.jpg 0,259,640,640,0
dirty_99_jpg.rf.12af6dcb8f81c4148111d6f85c9b6caa.jpg 0,185,448,632,1
clean_42_jpg.rf.5540be3ac2ae6fd93b3e9e4f4bdcddfc.jpg 50,323,640,640,0
dirty_55_jpg.rf.725534d94d9fbb9a8f93797e2fd0e1c9.jpg 0,272,640,640,1
clean_47_jpg.rf.f5c0fb09e493e3d4aca6141784ee91f5.jpg 0,302,640,640,0
clean_51_jpg.rf.f8101d0368ba8c1c1c511a46ffe69a2f.jpg 0,161,510,640,0
clean_56_jpg.rf.fa4e8544292a42db595cebd358d120f2.jpg 98,130,640,640,0
dirty_113_jpg.rf.1f54743e42bb9c422ed9c1409fd55808.jpg 0,127,640,640,1
clean_112_jpg.rf.dd6944f959a6d43cd9bd0bd56b19866b.jpg 103,383,640,640,0
dirty_45_jpg.rf.235d3eeee0ff38167413d57a4df79c84.jpg 190,125,640,640,1
clean_10_jpg.rf.beec498a53e1e10ef4746a76a8e640d9.jpg 0,223,640,640,0
clean_98_jpg.rf.1dcfbfa2cd82853f7cb09a71865df66e.jpg 0,300,640,640,0
clean_61_jpg.rf.19f308faafa46ed9219ec68b76d70a7b.jpg 49,135,640,640,0
dirty_19_jpg.rf.46b9a014ac5539d8c49c8f6fe31181aa.jpg 0,219,640,640,1
dirty_12_jpg.rf.6a0c1bf47678832cff36522d89496f1e.jpg 4,19,640,640,1
dirty_42_jpg.rf.50ee9cb2c0eea5da968e508cc712ad67.jpg 0,123,640,640,1
dirty_101_jpg.rf.342bfe201d3b1cfd2d9d2d56913fc064.jpg 2,64,640,640,1
clean_66_jpg.rf.52336a76a113fa5e64c5b101af57decd.jpg 0,239,640,640,0
clean_102_jpg.rf.c0d25eafaa1c651f293673cff828b7e8.jpg 0,273,438,640,0
clean_36_jpg.rf.d47c5fca3a180417341163918850947c.jpg 0,331,640,640,0
clean_25_jpg.rf.a9e7688feac58729e718d58a00d0bcd5.jpg 0,328,640,640,0
clean_75_jpg.rf.64042d8dab1336014d2b25c560018a21.jpg 0,274,640,640,0
dirty_43_jpg.rf.f23c0f2bb9ce15bd32030459fb2a3d51.jpg 0,68,640,640,1
clean_28_jpg.rf.7fa1e7042cfc58e6d167ab8de6764deb.jpg 0,314,640,640,0
clean_113_jpg.rf.f01964061533acddd048f9da5e8fc871.jpg 4,428,640,640,0
dirty_56_jpg.rf.0b60578c8f01d64ccdc6cce2ffb88e39.jpg 27,129,640,640,1
dirty_57_jpg.rf.b0896ff8b1be78b2e5d47d31ddd94cb7.jpg 0,276,640,640,1
clean_67_jpg.rf.138dec05201b5693178166d18432a609.jpg 0,188,640,640,0
clean_105_jpg.rf.42804642911d350dd360ffe9586be956.jpg 0,338,640,640,0
dirty_32_jpg.rf.3184868e117183f0b2043cc7ca5d8ecf.jpg 11,147,639,640,1
dirty_29_jpg.rf.2e8b2c085ce1869d3540a549217e26bd.jpg 166,439,640,634,1
dirty_107_jpg.rf.7c07c515f3314ca52608f71a6042690c.jpg 0,29,486,639,1
dirty_62_jpg.rf.abc4458ce23939cc707218fada814891.jpg 0,423,640,588,1
clean_33_jpg.rf.e32f50587cb86ec0f35bfe3b5e4ebd20.jpg 0,352,640,640,0
dirty_111_jpg.rf.b15fbd8c93b873df3298421b220cc3dc.jpg 0,122,628,604,1
clean_58_jpg.rf.a63d87ea6c720c6dc5a64e42babeda70.jpg 0,386,640,640,0
dirty_72_jpg.rf.f70092d6487a087f7eeefdcb7afa54ba.jpg 0,161,640,640,1
clean_74_jpg.rf.c872ca648ea4852c795531d48a8fb2d3.jpg 0,244,640,640,0
clean_46_jpg.rf.87484285a4f15f32c27b2c60781b423e.jpg 1,3,640,640,0
dirty_71_jpg.rf.7080806618d57b3df70b425582df1d21.jpg 0,279,640,640,1
clean_52_jpg.rf.5ea4192db8946e519975ccc5ae83680e.jpg 0,31,640,640,0
clean_93_jpg.rf.7677429ed7a6284c54f86f98c7627754.jpg 0,282,640,640,0
clean_27_jpg.rf.0257968327a28cd4ef5f30c9aded12e2.jpg 0,236,640,640,0
clean_4_jpg.rf.c085acd0512c329e538267a756cac024.jpg 0,337,640,640,0
dirty_86_jpg.rf.fea1b8cfbcd0a93f701f2f111ad6648e.jpg 0,103,640,640,1
dirty_33_jpg.rf.3b9c55df1ac9522513af592e8e9da5c5.jpg 37,194,640,640,1
clean_71_jpg.rf.b31aaf5280c450681e1daa4cdd1ada66.jpg 0,321,640,640,0
dirty_67_jpg.rf.868a655a7e72653ed5e341da2d764e69.jpg 4,224,640,640,1
clean_65_jpg.rf.d9eaacfcfebe3336728ae107e5bd6e6a.jpg 0,325,640,640,0
clean_104_jpg.rf.e053fdb449d21574d5519a90780d2068.jpg 103,338,640,640,0
clean_31_jpg.rf.d7c495ceba04f39ca09722f6a001919c.jpg 0,299,640,640,0
clean_60_jpg.rf.a3fdd676aa8beb9b91921c53b8d06f3c.jpg 0,271,640,640,0
clean_14_jpg.rf.9c373d3b2dd46fcf7f9737f3805f93ac.jpg 0,277,640,640,0
dirty_92_jpg.rf.e14580dec931d6b7601c05878ee42cfb.jpg 0,46,640,640,1
dirty_48_jpg.rf.08360a68c66b210115dfdb1eb9209313.jpg 0,224,506,640,1
dirty_31_jpg.rf.7f6e345ffdc75376d77a0878b82dacad.jpg 0,128,407,640,1
clean_50_jpg.rf.9252b8cadf4186c63e34642ae44f8408.jpg 0,368,640,640,0
clean_106_jpg.rf.83e7ea4dc863e1ef51f64098a1c15ec7.jpg 0,354,396,640,0
dirty_123_jpg.rf.84ff565143dfc50d5b7796013cb56013.jpg 43,183,640,640,1
dirty_76_jpg.rf.a5dc9e5d9ab7b5888af385f4557a409b.jpg 0,194,491,639,1
dirty_34_jpg.rf.036f8909bf49b37ec7f382829f8030b0.jpg 0,243,640,616,1
dirty_61_jpg.rf.4c35053c73430ca58559275af7771a07.jpg 203,248,619,621,1
dirty_98_jpg.rf.03686cdc73278c43cbeb55a080d9b8fc.jpg 0,135,560,596,1
dirty_14_jpg.rf.b977027169471feb673096452edea7a4.jpg 0,221,640,640,1
clean_85_jpg.rf.6ff9fc5ec62d0ee50a07f3a3c3cebd20.jpg 0,337,640,640,0
dirty_82_jpg.rf.35a67903839062f7288bedf7a9e79309.jpg 176,23,640,640,1
clean_86_jpg.rf.24fde28dc1a4f9437a60843f4928b27f.jpg 3,331,640,640,0
dirty_18_jpg.rf.8bdc634ab4029d8e4d75006a7a412e90.jpg 47,60,463,501,1
dirty_17_jpg.rf.3e3679d1cf6e580fc49d8bd0d873ef48.jpg 152,142,640,640,1
dirty_112_jpg.rf.9c842d49f5cfb0737af75dc6a6aea660.jpg 1,0,640,640,1
clean_62_jpg.rf.f412e8adb7bbc07cb0f0180cd586c5c6.jpg 0,220,640,640,0
clean_11_jpg.rf.9a334bd4a77bd0d4bd719abdd64b5fca.jpg 0,302,640,640,0
dirty_94_jpg.rf.fc0bca56dd208d9c88c9fc7b49628bb4.jpg 0,279,578,638,1
dirty_124_jpg.rf.3ccead6a5c585d224eb2fdabaff22824.jpg 0,194,640,640,1
clean_41_jpg.rf.a91cc9fe5eae90c48ab7fdb989d5f597.jpg 3,275,635,640,0
dirty_80_jpg.rf.3f8934a1356b663e06841147dda832c4.jpg 0,310,640,537,1
dirty_35_jpg.rf.691126d72caf4637b5efae336f098822.jpg 14,81,640,640,1
clean_12_jpg.rf.63e5f3e1296de0f5f68cc53f077e38f2.jpg 6,309,640,640,0
clean_57_jpg.rf.725b722dec72504bc055b8cd23529e9a.jpg 0,0,640,640,0
clean_39_jpg.rf.b66c00b20dcb0d0accdf21210ae3178d.jpg 0,271,640,640,0
clean_9_jpg.rf.5b60847e11af1fd8844a6208dee683e3.jpg 0,178,640,640,0
clean_32_jpg.rf.5a333676d672561cbe8e1f99de82a7cc.jpg 0,275,488,640,0
dirty_103_jpg.rf.862e0b3f58b317e8fafea91066aae423.jpg 0,165,555,640,1
clean_95_jpg.rf.28cb981d9d1c3a22eeb046bfa5031e55.jpg 0,307,517,639,0
clean_79_jpg.rf.d80b3651d4ad0c52eabd4607b70dfd9e.jpg 0,286,640,640,0
clean_3_jpg.rf.e566e76af4abf3f7cbc13c11244e27b3.jpg 1,277,640,640,0
clean_26_jpg.rf.3e57852846af226ccf56d96e89ce991d.jpg 0,337,640,640,0
clean_77_jpg.rf.e3c7de5994b7b7efed1a6184bca80fe8.jpg 0,265,454,640,0
dirty_102_jpg.rf.152ccd74b23cd0513b0487c41f8db172.jpg 0,271,571,640,1
clean_21_jpg.rf.5a55338a1a77371bb23e1b71a2abf4a6.jpg 0,353,640,640,0
dirty_64_jpg.rf.ffa6d370e40cd5d28b8e7ff2a22de4b7.jpg 96,445,640,640,1
clean_38_jpg.rf.891c96bbb607e52cc398893690d7cf61.jpg 0,293,640,640,0
clean_72_jpg.rf.755c2b65f013c2891ee6257aef97c568.jpg 383,217,640,640,1
clean_70_jpg.rf.981205b39977fcfb592bd439ebb70e32.jpg 0,238,640,640,0
clean_49_jpg.rf.dbf2fa20fd7874181b3b4aa6e3a970b4.jpg 0,225,640,640,0
clean_111_jpg.rf.015cec1a7d2b7bf66dc5064aabd2095e.jpg 132,267,640,639,0
clean_92_jpg.rf.1282a8ea0852ce9f7f0fd722e6a15550.jpg 0,198,567,640,0
clean_8_jpg.rf.26bbe19237749bea2f14c861fee49de1.jpg 0,290,640,640,0
dirty_53_jpg.rf.4afd144ca8996d75fb649d021c70b8b3.jpg 50,159,577,597,1
dirty_84_jpg.rf.42a4a3130ed903519a429bf44ddc5e0b.jpg 66,85,640,640,1
clean_107_jpg.rf.d757e0368233c108dee4a7ad1c94e79b.jpg 0,337,640,640,0
dirty_4_jpg.rf.2c09fc08abbb8d79e6e1909ee6750706.jpg 0,83,640,640,1
dirty_68_jpg.rf.f05ecdf82b566a6d06101643ed371924.jpg 105,338,389,640,1
clean_6_jpg.rf.508d0c0557a68faced044c57517c91e0.jpg 0,367,640,638,0
dirty_73_jpg.rf.b8289e4e6dc453125544e29d6b080509.jpg 101,255,613,640,1
dirty_81_jpg.rf.7bfae827d71277a27da7b46bf315e298.jpg 52,97,640,640,1
clean_110_jpg.rf.96f259ee86ae17efd8c7a4d098792744.jpg 2,400,640,640,0
dirty_5_jpg.rf.84d41cc14af236d130e4caa242706e51.jpg 212,118,460,640,1
clean_44_jpg.rf.a705b4200600b384a9f846498e851bef.jpg 0,129,640,640,0
dirty_6_jpg.rf.97338e7a20e3e12c98fa02f6c76f543e.jpg 2,173,531,579,1
clean_29_jpg.rf.8c29afeeced5562933637b4ce158d185.jpg 0,263,621,640,0
dirty_15_jpg.rf.de9390ea6e773075a218f28b08da5781.jpg 195,128,640,640,1
dirty_36_jpg.rf.276c335fe6cdb27c41b4135d8785b940.jpg 1,200,640,640,1
dirty_87_jpg.rf.b9621271c4eb7d2709883fa57da278f6.jpg 47,291,640,640,1
clean_45_jpg.rf.439bee1277134409c3b5b679c973ced6.jpg 0,335,640,640,0
dirty_51_jpg.rf.ea2fcf7cd9a55a1202d37b917e2b8bc1.jpg 0,249,318,640,1
dirty_85_jpg.rf.be03802deb41745c936b1f9b15015db6.jpg 0,219,520,640,1
clean_20_jpg.rf.ae4077f2d8fadaf9115dc997dadd5030.jpg 0,344,640,640,0
dirty_30_jpg.rf.3dc68b81955dbed0dc23254b49805adb.jpg 0,175,587,640,1
dirty_108_jpg.rf.af00ebc6c8b3267d8a6a2327083042b8.jpg 0,110,640,640,1
clean_91_jpg.rf.68777b723bf92a203e0f5d1d200fb248.jpg 2,243,640,640,0
clean_1_jpg.rf.34b4edb8c3e9cc97cb093d50e6caf9eb.jpg 0,301,640,640,0
clean_108_jpg.rf.ec3b4166dfe7db72596f52df259a93df.jpg 0,292,640,640,0
dirty_25_jpg.rf.eee373cd4794697889589ad755b0fe65.jpg 0,236,446,638,1
dirty_40_jpg.rf.c497ffc4ad1037ff4f2b6359643baf30.jpg 1,16,640,640,1
dirty_75_jpg.rf.4c344047e6405e48e5ca18e508e2794e.jpg 107,257,635,637,1
dirty_110_jpg.rf.215f0283efbd51902862f56a83f0ff0b.jpg 32,208,639,456,1
clean_96_jpg.rf.619943bb5e3503074edd7d7e12da7e6e.jpg 2,152,640,640,0
dirty_96_jpg.rf.6ede32c7632c7f4977cfd9b62a55dc63.jpg 0,264,640,558,1
clean_103_jpg.rf.8ae6f7420198aca1e26f5fb6890aa14b.jpg 0,243,640,640,0
dirty_122_jpg.rf.c8b1c03e67e8265fad0cbebb1142d785.jpg 0,36,640,640,1
dirty_115_jpg.rf.ddf9e106fa31f399fa1e7abe46cb1739.jpg 0,353,640,640,1
dirty_95_jpg.rf.be89e3ad2fbea17400cd3c05e8fb6073.jpg 0,192,595,640,1
dirty_66_jpg.rf.6940aa37f9eb8e2043e4ab54b612d83e.jpg 38,287,409,605,1
dirty_63_jpg.rf.5f7bb06497ea71f5f702b63ca2f704a1.jpg 188,183,576,573,1
clean_5_jpg.rf.fec73330206f4ee0828719ace8390caf.jpg 0,181,640,640,0
dirty_100_jpg.rf.717701705bed977fa40aa6f4bafbef3c.jpg 3,26,640,639,1
clean_87_jpg.rf.b54d3282e45c0ee5d13f8dd1a43f4063.jpg 13,229,638,639,0